1.019
0.0
0.5
1.0598947601561102
0.9964478589789423
0.5
1.0598947601561322
-0.9964478589793132
0.5
0.018761719578161015
0.002999646009297534
0.5
0.05989476015634128
0.996447858982838
0.5
0.05989465605411832
-0.9964461040884284
0.5
-0.9400000310908547
4.319085917752278e-05
0.5
-0.9401052398438889
0.9964478589789567
0.5
-0.9401052398437422
-0.9964478589814303
0.5
1.0379999999999998
0.0
0.5
1.119474902258398
0.9893621926685057
0.5
1.1194749021979207
-0.9893621921601632
0.5
0.036825836812780316
0.008889269653015258
0.5
0.11947490221754288
0.9893621923269246
0.5
0.11947459082227833
-0.9893586946171556
0.5
-0.8800473368788709
0.001749000218493445
0.5
-0.8805250975502004
0.9893621942779208
0.5
-0.8805250978001852
-0.9893621921771514
0.5
1.0569999999999997
0.0
0.5
1.1785332167219402
0.978773732312178
0.5
1.1785332165711564
-0.9787737313001419
0.5
0.05376390074636932
0.01749752086570488
0.5
0.17853321664258653
0.9787737317558678
0.5
0.17853259598955412
-0.9787685092715553
0.5
-0.8200815607359325
0.004247974815469775
0.5
-0.8214667828007127
0.9787737355164863
0.5
-0.8214667826618738
-0.9787737355844256
0.5
1.0759999999999996
0.0
0.5
1.2368653191222483
0.9647250373709123
0.5
1.2368653188460834
-0.9647250358382767
0.5
0.06918252581701273
0.028600043113952832
0.5
0.23686531966934593
0.9647250394157135
0.5
0.23686428865979592
-0.9647181131839982
0.5
-0.7601923548228435
0.007499928288133148
0.5
-0.7631346748909386
0.9647250634512964
0.5
-0.7631346793941964
-0.964725044244596
0.5
1.0949999999999995
0.0
0.5
1.2942702668596462
0.9472701820217506
0.5
1.2942702676220939
-0.9472701839048694
0.5
0.08272565657329718
0.04192609313072426
0.5
0.29427026773302106
0.9472701851396012
0.5
0.294268727653101
-0.9472615847817795
0.5
-0.700305109512115
0.011465014375502661
0.5
-0.705310901740323
0.9488216913476425
0.5
-0.7057297308099486
-0.947270191680526
0.5
1.1139999999999994
0.0
0.5
1.3499657504732785
0.9249539747963472
0.5
1.349965752559675
-0.9249539799837008
0.5
0.09407633414108897
0.057162960219244406
0.5
0.3505511370899649
0.9264744224841697
0.5
0.350548991082696
-0.926464182340854
0.5
-0.6405506203982704
0.016556276279438377
0.5
-0.6472372047144752
0.9336427877976198
0.5
-0.6494487873481163
-0.9264746295808747
0.5
1.1329999999999993
0.0
0.5
1.4035472965824947
0.897953643012135
0.5
1.4035473002667143
-0.8979536513703326
0.5
0.1077872564231561
0.07031630998618799
0.5
0.40551565100016573
0.9024140357331083
0.5
0.40551271741030376
-0.9024019964846367
0.5
-0.5811423305342681
0.02462954552989558
0.5
-0.5887462367714166
0.9205408244726557
0.5
-0.5944665243481069
-0.9024548303437129
0.5
1.1519999999999992
0.0
0.5
1.4519129011791438
0.862446344050499
0.5
1.4519129069502885
-0.8624463552513629
0.5
0.12348101755869986
0.0810263922041499
0.5
0.4598138079117993
0.8769261667766797
0.5
0.4589726128743709
-0.8751615930924843
0.5
-0.5218161998761769
0.03382990181454635
0.5
-0.529561228623828
0.9109442661521175
0.5
-0.5385109143875573
-0.8809400289985948
0.5
1.1709999999999992
0.0
0.5
1.4871552620442456
0.8138873542192994
0.5
1.487155270670337
-0.8138873674921832
0.5
0.13887534765977028
0.09215452265100024
0.5
0.5155571690128459
0.8547298226372381
0.5
0.5107469350601358
-0.8448396610596866
0.5
-0.4625240450458014
0.04278272546401428
0.5
-0.4702704340559716
0.9014769926710006
0.5
-0.48243836852837146
-0.8594467841170773
0.5
1.189999999999999
0.0
0.5
1.4979964995933095
0.754874918627621
0.5
1.497996512006055
-0.7548749325961555
0.5
0.1528795125536347
0.10344452422091197
0.5
0.5699036598310316
0.8293042658931954
0.5
0.5606599253313599
-0.8115426131097195
0.5
-0.4030125846680807
0.05061954505714929
0.5
-0.4109135967691813
0.8930715568573689
0.5
-0.42543407450818194
-0.8407248594497655
0.5
1.208999999999999
0.0
0.5
1.4791837674496624
0.6979005287159089
0.5
1.4791837840072986
-0.697900541315816
0.5
0.16623377530183367
0.11550593074693132
0.5
0.6226682890345788
0.8007404092731816
0.5
0.6085422549306676
-0.7753862511226282
0.5
-0.34409169866837713
0.061947792626447604
0.5
-0.35116418150765644
0.8882097730332407
0.5
-0.3693347835887671
-0.8195856826478294
0.5
1.228999999740174
-2.279583736087592e-06
0.5
1.4333385105716236
0.6591937907340298
0.5
1.4333385300815642
-0.6591937998371394
0.5
0.17903440788728875
0.12815417829064465
0.5
0.6736718051234272
0.7691391221700921
0.5
0.6542314293863447
-0.7364953866740519
0.5
-0.2848297980898141
0.0710704316579244
0.5
-0.2912225081379439
0.8866639924118938
0.5
-0.31269977350303996
-0.7996621414921998
0.5
1.248996855977087
0.00024731290796709536
0.5
1.381295042940655
0.6293361708031328
0.5
1.3812950648327496
-0.6293361757540177
0.5
0.19110872741280993
0.1414914804107131
0.5
0.7227411381371133
0.7346108647916786
0.5
0.6975302812944717
-0.6950435878848795
0.5
-0.22541708839486696
0.0797133202440239
0.5
-0.23120597590865766
0.8850444363568346
0.5
-0.2560928342869899
-0.7798840331832493
0.5
1.2687425741630778
-0.0029317763511668843
0.5
1.3247680761465541
0.6092189641315685
0.5
1.3247680995800284
-0.6092189647513591
0.5
0.20234228139174926
0.1555486588177163
0.5
0.7697098169956388
0.6972753159637418
0.5
0.7383791561288068
-0.6510878374447893
0.5
-0.16564818842666434
0.08497436544147505
0.5
-0.17129799948257346
0.8817226355604783
0.5
-0.19878136404569802
-0.7621120609119105
0.5
1.2887404187124711
-0.0026381635650104826
0.5
1.269456982892629
0.5859663736726065
0.5
1.2666893275498743
-0.5941572171987063
0.5
0.21240687343159959
0.17045328627986872
0.5
0.8144183755930543
0.6572610086707189
0.5
0.7765550807782768
-0.6048668804616493
0.5
-0.10567239355861954
0.0866784868977531
0.5
-0.11153290600589855
0.8766998195537267
0.5
-0.14261576331400944
-0.7410069597645074
0.5
1.3084929639055791
-0.00577455535830381
0.5
1.2156033346979327
0.559512932003934
0.5
1.2095963678291077
-0.5757074488988945
0.5
0.26163711237232845
0.20475172859104043
0.5
0.8566756903546924
0.6147442511219562
0.5
0.8120042267360262
-0.5564435088633627
0.5
-0.04570100038502334
0.08482592089100414
0.5
-0.051550856094197774
0.8752322745332032
0.5
-0.08778437728464739
-0.7166447122061546
0.5
1.3271825607699177
-0.009169436194040096
0.5
1.163390312011396
0.5299528193192369
0.5
1.1536848504464678
-0.5539381534586318
0.5
0.27378143361858576
0.22064246149363712
0.5
0.8839110032383772
0.5612817628895246
0.5
0.818233199079973
-0.5374382490060985
0.5
0.010478571262779707
0.06375803705173663
0.5
0.008436369206948041
0.8740210247964895
0.5
-0.03159279526021982
-0.6956088830190887
0.5
1.345119585321796
-0.01543546751978725
0.5
1.1227050173288402
0.4858540034762254
0.5
1.1072123573792503
-0.5159868084372483
0.5
0.2804142151535461
0.23951058825205987
0.5
0.8868833783501956
0.5415038715414561
0.5
0.8179617557919578
-0.51743146281272
0.5
0.05740876653015746
0.02637416616357799
0.5
0.06832616328028451
0.8709117497099989
0.5
0.025755992271699085
-0.677970386240358
0.5
1.3617766359730528
-0.022257685898092436
0.5
1.114309157948046
0.4677016058901226
0.5
1.0745266184333995
-0.46567138185920065
0.5
0.2810567316339009
0.25949217751589104
0.5
0.8830847029608053
0.5218679334359028
0.5
0.8108578506677617
-0.4987510575731869
0.5
0.09070689662558873
-0.023538098617310675
0.5
0.12795680304845042
0.8642644343995135
0.5
0.08405555648991886
-0.6637872690949889
0.5
1.3790980446925296
-0.027153480000882257
0.5
1.1121271193634505
0.44782099454107754
0.5
1.0591711303083435
-0.4076695803269673
0.5
0.2782874705317292
0.279309014449738
0.5
0.8726322170912412
0.5048166713411589
0.5
0.7975434302906877
-0.4838270431376164
0.5
0.12692242040973256
-0.07133134519375867
0.5
0.1870912635708536
0.8541098502762509
0.5
0.14309690835653585
-0.6531046303874818
0.5
1.3968600776956046
-0.030070701881290327
0.5
1.1167517811890981
0.4283630269442849
0.5
1.0606671333574882
-0.38772560943657824
0.5
0.27381319386441755
0.29673135894713837
0.5
0.8551538794668638
0.4914559950887438
0.5
0.7797567721509985
-0.4746818452941576
0.5
0.16596443841984074
-0.11688338068910732
0.5
0.24552477431951752
0.8404891006060429
0.5
0.2026693628975091
-0.6459546192017682
0.5
1.4148588720973967
-0.029862384545771573
0.5
1.1279481753091205
0.411790738075395
0.5
1.0689689009819026
-0.36952998759205136
0.5
0.2673951692265689
0.31355083260312094
0.5
0.8321532007867181
0.4846026178006807
0.5
0.7201843452517641
-0.46753160380645675
0.5
0.20765008949955685
-0.15997994382130548
0.5
0.30305593224008526
0.8234548448749535
0.5
0.2625613783251372
-0.6423564963566655
0.5
1.4325572068483794
-0.026580777754486657
0.5
1.1443609506286823
0.40036179446693115
0.5
1.0782535476521076
-0.35410937358971034
0.5
0.2591118458617279
0.32953165091863085
0.5
0.8081911321507692
0.48595141974507194
0.5
0.660292343716364
-0.4639332497278089
0.5
0.2518732860231586
-0.20051160158487952
0.5
0.3615012490341317
0.8098848432228902
0.5
0.3225613651632705
-0.6423167544986
0.5
1.4494491291779579
-0.020362823349593863
0.5
1.1656927334937515
0.3949808057290349
0.5
1.0892368863485435
-0.3398487189386021
0.5
0.24906321791453606
0.34446567503734676
0.5
0.7859282220598979
0.4949159517621444
0.5
0.6007176765621096
-0.45680169776126683
0.5
0.2984257934875513
-0.23828876383049674
0.5
0.4206513757211847
0.7998219155724368
0.5
0.37934484104762883
-0.6616981080758291
0.5
1.4635939735289178
-0.009230747917423277
0.5
1.1876604903460721
0.3937901558291023
0.5
1.1017766714234256
-0.3269354006093802
0.5
0.23737626891878966
0.35815564301279273
0.5
0.7657816047588119
0.5079587199758132
0.5
0.546498181018947
-0.4311064393846367
0.5
0.3554174074569698
-0.25704917348040807
0.5
0.48029541649968793
0.7932959367489725
0.5
0.427336751500839
-0.6977088916142395
0.5
1.4736718027563636
0.005683584926084489
0.5
1.2075200162505302
0.3961564241688847
0.5
1.1460485695212894
-0.2865189444686907
0.5
0.22420227804400011
0.3704212846358307
0.5
0.7505721558905365
0.5265240784423771
0.5
0.5027730763159869
-0.39001978354805245
0.5
0.4153915203411419
-0.25528685008460317
0.5
0.5402217634532139
0.7903239103700084
0.5
0.46206926622853334
-0.7466338541320284
0.5
1.476271473344795
0.023494865410450722
0.5
1.2266915870878465
0.4018529904497242
0.5
1.1879233847939188
-0.2435481552849188
0.5
0.20971418598116812
0.3811028195613157
0.5
0.7418286330924306
0.5488747116482733
0.5
0.44724623981109046
-0.3672872477086626
0.5
0.471601053893188
-0.23429903605224423
0.5
0.59783996896002
0.8070613651995204
0.5
0.4996553442503957
-0.7933531785002871
0.5
1.469921116051904
0.04033745909599941
0.5
1.2446397677719807
0.4106769808908653
0.5
1.227186711378631
-0.19824230842352852
0.5
0.16358238791919452
0.41946761081016815
0.5
0.7407311559002085
0.5728312508504675
0.5
0.3872882581756745
-0.3650421556831761
0.5
0.48726166466047766
-0.22185938419814494
0.5
0.6473902175297666
0.8408958574622272
0.5
0.5400038372280035
-0.8377519990119875
0.5
1.4679567959825943
0.10027704827852654
0.5
1.2608764809955992
0.4223547007985609
0.5
1.2637704352905406
-0.15067812142001016
0.5
0.1198123815145021
0.460419837603219
0.5
0.7478385567540274
0.5957547072456585
0.5
0.32986557857679966
-0.3824385882967777
0.5
0.5063211359153947
-0.215798315358171
0.5
0.6842679869435071
0.888224806854983
0.5
0.5829216082264037
-0.8796174579315379
0.5
1.486513117912287
0.1573354649796616
0.5
1.2727814458753395
0.4384255361841294
0.5
1.2974858657377237
-0.10109776196755192
0.5
0.07719402248115845
0.5027180940913074
0.5
0.7626250038347518
0.6146587010230808
0.5
0.28069195600629004
-0.4168181584408618
0.5
0.5262930442862769
-0.21473869465256762
0.5
0.7047125046722086
0.9446342180953273
0.5
0.6233480112969179
-0.9239452253714728
0.5
1.524148239939693
0.20406444500377516
0.5
1.2791213918744475
0.45739406494618806
0.5
1.3268599436613082
-0.04880343148121156
0.5
0.03714798894424462
0.547398237309012
0.5
0.78322384277504
0.6269748569828806
0.5
0.2342987619389403
-0.4548664375637929
0.5
0.5442929913815192
-0.214782336009442
0.5
0.7058634458773507
1.0046121878566268
0.5
0.6610970599375117
-0.970532735870386
0.5
1.5760749565465553
0.2341246371913877
0.5
1.2822590858578902
0.47612037452298067
0.5
1.3516551341135616
0.005805472395786222
0.5
-0.00019359472178239606
0.5943060919899172
0.5
0.806833859198284
0.6312838156150584
0.5
0.19020615453106965
-0.4955584757527863
0.5
0.5622805267570944
-0.21527716090343535
0.5
0.7034564236497421
1.0645749676866725
0.5
0.6960828643692465
-1.0192765744941625
0.5
1.6311615269648307
0.2579042452385981
0.5
1.2824029826633778
0.49513221665704304
0.5
1.3707310089743678
0.0626738433972425
0.5
-0.03476016244476535
0.6433557924205713
0.5
0.8305305742693395
0.6274804362177036
0.5
0.1486015418044287
-0.5387163753373394
0.5
0.5801085489050875
-0.21775942321767258
0.5
0.697495535884622
1.1242665844677642
0.5
0.7281429619393169
-1.0699543506346298
0.5
1.6861928113099307
0.2818111794763429
0.5
1.2795109310735446
0.5138985828338524
0.5
1.3838602101624213
0.12121434229764906
0.5
-0.06637763974971925
0.6943045079300669
0.5
0.8541458199105596
0.6317606433743552
0.5
0.10954845488093862
-0.5842750756956548
0.5
0.597835030088958
-0.22082915126778707
0.5
0.6879914412035769
1.1835190275556946
0.5
0.7572026876236618
-1.1224535850541544
0.5
1.7429578676756678
0.3012464148941788
0.5
1.2747856592449187
0.5312745285754435
0.5
1.3868235446457031
0.18113687778111975
0.5
-0.09498453025582015
0.7470589401088065
0.5
0.875208744486082
0.6432651298177164
0.5
0.07325507168040912
-0.6319937075813812
0.5
0.6155627671239647
-0.2240019081224552
0.5
0.6749791765645565
1.2420772601112657
0.5
0.7831251922675475
-1.1765344300955234
0.5
1.7862189297587365
0.34282141347875317
0.5
1.2720008322018348
0.5490461414896317
0.5
1.3793790007866356
0.24068315938934648
0.5
-0.12043483919648608
0.8013575452795361
0.5
0.8917459659663376
0.6606582343992841
0.5
0.03977821320537389
-0.6818008523120824
0.5
0.633279747688459
-0.22712728290899195
0.5
0.6651569260181682
1.3012782593937793
0.5
0.805848027929095
-1.2320762007371802
0.5
1.8080160296628327
0.398722090136216
0.5
1.275668969247001
0.5687068833529131
0.5
1.3516681799618329
0.2939007355185349
0.5
-0.14267696472266297
0.8571001904868443
0.5
0.9021541285578251
0.6822839167920006
0.5
0.009297953793307452
-0.7334333562716526
0.5
0.6505554504701041
-0.23218199292380007
0.5
0.6501847564040009
1.3593599449724874
0.5
0.8252619548800577
-1.2888241827582816
0.5
1.801824454750477
0.4584017717603873
0.5
1.2842597233300137
0.5867678618502482
0.5
1.306687460872226
0.333608854981441
0.5
-0.16159514073189407
0.9140095049867837
0.5
0.9084230548350035
0.7054507155205423
0.5
-0.018133268319559387
-0.7868152191538795
0.5
0.7090440671160204
-0.24556413486148876
0.5
0.629147785986947
1.4155413739048688
0.5
0.8397325186184765
-1.3470585081920536
0.5
1.7660851508643995
0.5065961921198755
0.5
1.2914802167181
0.646331814667188
0.5
1.2879575731137358
0.3406224854565492
0.5
-0.1771485988215199
0.9719792388585583
0.5
0.9102702257039031
0.7293709101322629
0.5
-0.04236874135321403
-0.8416623810443568
0.5
0.7666441652686773
-0.2623637983342401
0.5
0.5984337769011606
1.4670840712134061
0.5
0.8491232818938469
-1.406305017060813
0.5
1.7103551647668276
0.5288260965175068
0.5
1.2996532950109394
0.7057724211289019
0.5
1.270495892447484
0.3449916625218138
0.5
-0.1892538016711398
1.0307193780632187
0.5
0.9077770387552694
0.7512406809516893
0.5
-0.06336684022613628
-0.8978915914202352
0.5
0.8251442143544429
-0.275695874577512
0.5
0.5512290612364757
1.5041207358757918
0.5
0.8482255127913054
-1.4663144845572724
0.5
1.6508471579096797
0.5211581686338836
0.5
1.3026456417295358
0.7656963378248354
0.5
1.252654096675311
0.34737290663380216
0.5
-0.2048530524222496
1.0886767867766578
0.5
0.9011185438267264
0.7722088579179006
0.5
-0.08101083615660927
-0.955204287744042
0.5
0.8827586481002037
-0.29244630812857947
0.5
0.4917214636045891
1.5117918390266598
0.5
0.8268286108729089
-1.5223316130707294
0.5
1.6006258267143658
0.4883280316823118
0.5
1.3004151380624007
0.8256567068943621
0.5
1.2346580091969697
0.34774818700297383
0.5
-0.22387136076016226
1.1455526582673612
0.5
0.8904875812062895
0.7914697673916692
0.5
-0.09526794409363316
-1.0135120735994199
0.5
0.939289659709456
-0.3125521462466189
0.5
0.4353557692128965
1.4912270999370445
0.5
0.7791825894470579
-1.55879879128482
0.5
1.5545891411358221
0.44984915981076545
0.5
1.2929565720194038
0.8851883965214117
0.5
1.2156103056426444
0.34165023740446354
0.5
-0.24627485113837244
1.2012305340334497
0.5
0.8778410067156237
0.8069637711869014
0.5
-0.10605622764567654
-1.0725037013926844
0.5
0.994543892522788
-0.33593953079909145
0.5
0.39288750245472864
1.448842594295879
0.5
0.7195943880496742
-1.5658163587871168
0.5
1.501813712314343
0.4213052622020744
0.5
1.2803107750273282
0.9438374756494335
0.5
1.199394227529611
0.3299438797031163
0.5
-0.27195209224367367
1.2554220060328762
0.5
0.86283268845871
0.8201830897387157
0.5
-0.12035523912636188
-1.1308012092906454
0.5
1.0483329543656046
-0.36252405310184604
0.5
0.36543208445715214
1.3954928059738605
0.5
0.6634308485917699
-1.5447057729666998
0.5
1.460294471728667
0.3779907004738208
0.5
1.2625599682052782
1.0011399362845044
0.5
1.1869321749539257
0.3143010787499827
0.5
-0.30085410456684303
1.308015050618022
0.5
0.8464092665420184
0.8315967312489543
0.5
-0.13809218150649805
-1.1880851588566714
0.5
1.100473901210508
-0.3922111153026397
0.5
0.34727854386337836
1.3383049666730669
0.5
0.6213545074516289
-1.5019321652610282
0.5
1.434050246166856
0.32403478752416337
0.5
1.241410664995874
1.0572890522238416
0.5
1.1713576536837504
0.30175379673758246
0.5
-0.3342994760991992
1.3578287748620568
0.5
0.8282417611217036
0.8399598494140533
0.5
-0.15924188613710674
-1.2442574230562247
0.5
1.1507896918603278
-0.42489629866270495
0.5
0.33411588690622746
1.2797820593068305
0.5
0.595866942341986
-1.4476147291500463
0.5
1.426283890052348
0.26453954643193023
0.5
1.2169438490418678
1.1120570943640522
0.5
1.152339055697749
0.29556569768524166
0.5
-0.3728761671883282
1.4037835233065936
0.5
0.8070250606486921
0.8457780638415371
0.5
-0.1836927088393301
-1.299008753350785
0.5
1.1991075869543335
-0.4604684930521835
0.5
0.31585269071550215
1.222629260483989
0.5
0.5730077498531653
-1.3921521086895627
0.5
1.438890097034503
0.20587879681588753
0.5
1.1892331634606006
1.1652695852874406
0.5
1.1323497004075527
0.2962181354843555
0.5
-0.4190860853462571
1.4420541838839487
0.5
0.7850858336543417
0.8474121713977363
0.5
-0.21290746996602744
-1.3514064425392993
0.5
1.245265510338717
-0.4988018480950196
0.5
0.2942082532610278
1.1666815972019802
0.5
0.550151876372734
-1.3366636902227398
0.5
1.471338947882065
0.15541027121052603
0.5
1.1583877157504388
1.2167098425209237
0.5
1.1136943533447972
0.29982063791118624
0.5
-0.4758935379993138
1.461365068596107
0.5
0.7632324849377243
0.844876202732175
0.5
-0.24755072428444674
-1.400394654695142
0.5
1.2890633470961932
-0.539724205003671
0.5
0.26924939074343296
1.1121239948788706
0.5
0.5273086912628103
-1.2811944747521888
0.5
1.4785100152236772
0.09584034765865448
0.5
1.1245030107314309
1.2662134559932197
0.5
1.095827031688546
0.3062827439984753
0.5
-0.5358812609621517
1.460151357869143
0.5
0.740319244480709
0.8377359367019594
0.5
-0.29043265634941523
-1.4423605920851117
0.5
1.3292245932613111
-0.584230530418604
0.5
0.2410701951068585
1.0591713569988432
0.5
0.504459292035735
-1.2257033899427203
0.5
1.4557554448670813
0.04032251695035348
0.5
1.0877148160721701
1.3135786533967537
0.5
1.0791692632385173
0.31542160329022545
0.5
-0.5922704599351888
1.4396511569146502
0.5
0.7190968938448965
0.8265282685466906
0.5
-0.345497657060648
-1.4661900630957034
0.5
1.365458494759256
-0.632004013910459
0.5
0.2097606016735986
1.007999525469286
0.5
0.47834399279680734
-1.1717169299022112
0.5
1.4146510043389555
-0.0033858909149358934
0.5
1.0468453850329864
1.3575068858507446
0.5
1.0641069371472902
0.3270028956257557
0.5
-0.6444490335575946
1.4100302785704366
0.5
0.7023209318225088
0.8093653183564805
0.5
-0.40540279043482974
-1.4695627468071666
0.5
1.3966659400248667
-0.6832494562443175
0.5
0.1754412590059114
0.9588105507636782
0.5
0.4490207608441137
-1.1193632446269863
0.5
1.3712690303396697
-0.044773049420107375
0.5
1.001509623382514
1.3968091595192615
0.5
1.05048006449977
0.34164216956303006
0.5
-0.6910082770854111
1.3721853735962328
0.5
0.6805073050603078
0.799357051554924
0.5
-0.4631255508095023
-1.453189508437114
0.5
1.418910142080754
-0.7389737370816092
0.5
0.13822400467248058
0.9117679178049524
0.5
0.41662955777898913
-1.068898311037196
0.5
1.32870797436594
-0.08711512194876983
0.5
0.9498586209465925
1.4273406832121176
0.5
1.039457742754035
0.3583307411984785
0.5
-0.733484017557351
1.329808357758783
0.5
0.6565781942978005
0.7975137778055625
0.5
-0.512875760250066
-1.4196497311477698
0.5
1.4314633222491626
-0.7976458571017502
0.5
0.0982542461392511
0.8670571711251973
0.5
0.38446543614068757
-1.0182076218699425
0.5
1.286066589323152
-0.12927440738683815
0.5
0.8935952950864624
1.4481838629924897
0.5
1.0313605711915814
0.37661832749835766
0.5
-0.7721991449709102
1.2839701759739026
0.5
0.633365869208406
0.8036119713039147
0.5
-0.5564056621607886
-1.378356297849263
0.5
1.4338276271832724
-0.8575920381823373
0.5
0.05566390677465318
0.824826373740497
0.5
0.35533741465972873
-0.9657523231423228
0.5
1.2425349961432686
-0.17060916312807356
0.5
0.8335961733157039
1.4485084962208967
0.5
1.026300586208874
0.3980285248812359
0.5
-0.80687008874938
1.2350015568642465
0.5
0.6132159001813529
0.8166495611198498
0.5
-0.5955180710759485
-1.3328566333580465
0.5
1.4257791571594751
-0.9170619246133651
0.5
0.01062072194262604
0.7852412324989917
0.5
0.32933957365023075
-0.9117018924893683
0.5
1.201510908844247
-0.21439299874441858
0.5
0.7767262234946709
1.429382367303936
0.5
1.0253262069339166
0.4200030113605316
0.5
-0.8386027377707159
1.1841176731580874
0.5
0.5980017160787552
0.8352110392858731
0.5
-0.630614070685866
-1.2841917506254568
0.5
1.4074340375271193
-0.9741368083163979
0.5
-0.03672565734677502
0.7484316784045727
0.5
0.3065435992905866
-0.8561958300565852
0.5
1.1631425739045251
-0.26046180562274984
0.5
0.7238473320021457
1.401030598189375
0.5
1.0288394439930955
0.44375170010244847
0.5
-0.8673229517799717
1.131431677130771
0.5
0.5771293832727803
0.8470577925096963
0.5
-0.6614334660244864
-1.2327119985771
0.5
1.3792161901747952
-1.027087286036603
0.5
-0.08363699369870775
0.710983877988371
0.5
0.2870510916746921
-0.7994692893600376
0.5
1.1274992138586395
-0.3087347600808604
0.5
0.6763926084666323
1.3643148086264945
0.5
1.036874541695485
0.4663666775491045
0.5
-0.8928956799632017
1.0771842008699855
0.5
0.5534316515858988
0.8508548325274202
0.5
-0.689176591009046
-1.1795395247823326
0.5
1.3455122110812963
-1.0767264015934002
0.5
-0.12826314440090758
0.67087768553009
0.5
0.2641906908994303
-0.7439897739075463
0.5
1.0890522852243907
-0.35473788258812544
0.5
0.6313828306152254
1.3246396287558908
0.5
1.0491861039057895
0.4869682657385589
0.5
-0.9152589390792096
1.021496486623094
0.5
0.5298174865404782
0.8465686676674721
0.5
-0.7137704030812887
-1.1248060580051495
0.5
1.307533233128449
-1.1231763449050356
0.5
-0.17043306989345575
0.628273945338763
0.5
0.23805943604722088
-0.6900038307838544
0.5
1.0478773291548276
-0.39837961781705433
0.5
0.5849469160497826
1.2866809062978484
0.5
1.0653267198040235
0.5047300369959435
0.5
-0.9343051139011946
0.964623738984857
0.5
0.5087573289196462
0.8350591168080623
0.5
-0.7351036274124328
-1.0687485799456198
0.5
1.2655764834239551
-1.1660672664878982
0.5
-0.21008446242765258
0.5832350033944527
0.5
0.20872664007005232
-0.6376629644206925
0.5
1.004190789213926
-0.43943057405339236
0.5
0.536221920097081
1.2517539983486186
0.5
1.084664435764809
0.5189445626668147
0.5
-0.9499857090604514
0.9066944392190301
0.5
0.4896937392676453
0.8204790088276298
0.5
-0.7531177987221662
-1.0115070599003433
0.5
1.2262270092850374
-1.2112979234206809
0.5
-0.24700428912530564
0.5360011200459383
0.5
0.176319638490738
-0.5872004705686807
0.5
0.9580796811423982
-0.4778100473607528
0.5
0.48959433588632073
1.2140199248575234
0.5
1.1064228162822929
0.5290723893208374
0.5
-0.9622227056741504
0.8479756394393672
0.5
0.4718076157553851
0.8044763032531784
0.5
-0.7677289517706033
-0.9533307136354674
0.5
1.1841951980861825
-1.2541151604108753
0.5
-0.28113665483716627
0.48664082548916976
0.5
0.14092689245588017
-0.5387583262330014
0.5
0.9097872161302725
-0.5133175879378956
0.5
0.4452695279414765
1.1736460771527886
0.5
1.1277938114842183
0.5342954684954101
0.5
-0.9779494454913464
0.7900588698027176
0.5
0.45523017244962716
0.7871215236970068
0.5
-0.7788943854474539
-0.8943664260976321
0.5
1.1397053508197386
-1.294290861937341
0.5
-0.3122966059185658
0.4354171787947548
0.5
0.10270423653838819
-0.4925524662897324
0.5
0.8594100357915239
-0.5458849324338144
0.5
0.40335396652899724
1.130729724635144
0.5
1.1497696416588896
0.5353264274363841
0.5
-0.9970964318776695
0.7332200418452373
0.5
0.44017497178042514
0.7684308593747019
0.5
-0.7919825917699944
-0.8358250813521003
0.5
1.0917749370384229
-1.3303834572270807
0.5
-0.3404351893054965
0.3824045856830344
0.5
0.061757887388622076
-0.4487125661699353
0.5
0.8071576980392976
-0.5753754936259324
0.5
0.3893887964598337
1.1193730514897668
0.5
1.1715466476871819
0.5322020081715638
0.5
-1.0196219810172147
0.6775978885136935
0.5
0.4255074919618345
0.7494368818918384
0.5
-0.808369467011996
-0.7780981273724321
0.5
1.0408277679285096
-1.362075506066592
0.5
-0.36539797207301633
0.3278859928491964
0.5
0.018269683835933713
-0.4074333895550685
0.5
0.7532306670412426
-0.6016790167308624
0.5
0.3742194699378944
1.1096832871557538
0.5
1.1906683901060475
0.5263403561068263
0.5
-1.0454228385700672
0.6234587328311985
0.5
0.41131766235308204
0.7300819995295675
0.5
-0.8271116650872322
-0.7211131740292065
0.5
0.9867941151148442
-1.388159301099868
0.5
-0.38714361286126053
0.2719413415928692
0.5
-0.027638315594265044
-0.36882981461071584
0.5
0.6978246015280826
-0.6247043919579315
0.5
0.35804631375090284
1.101782083518872
0.5
1.2095875895540613
0.5198826517292315
0.5
-1.074439603303706
0.5709357659439908
0.5
0.3976803688383314
0.7103359776268747
0.5
-0.8483870924318019
-0.6650059914657708
0.5
0.9289925096637925
-1.4042519820722374
0.5
-0.41217502525068567
0.21745427570342096
0.5
-0.07576138737199842
-0.3330720828100753
0.5
0.6411400209546859
-0.6443731063341461
0.5
0.34108191727247356
1.0957646711131477
0.5
1.2283310998860018
0.5128992411610642
0.5
-1.1065364121463177
0.5202812022624189
0.5
0.3846300538842841
0.6901951903356076
0.5
-0.8729729521847711
-0.6102973430309406
0.5
0.8692665154149685
-1.4099795969000215
0.5
-0.4404543600277064
0.16451676596761455
0.5
-0.12596398195810019
-0.30025818504075463
0.5
0.5833814140779953
-0.6606194392021509
0.5
0.285576007753833
1.073131658296678
0.5
1.2468676704813877
0.5054126599933548
0.5
-1.1416368410770612
0.47162005749746316
0.5
0.3744930638767753
0.6706697855104207
0.5
-0.900804097236205
-0.5571417244657116
0.5
0.8094477877032382
-1.4053191495151633
0.5
-0.47182768225710936
0.11342375126856591
0.5
-0.17802211441059856
-0.27053107825301564
0.5
0.5247563516360411
-0.6733905806417493
0.5
0.23146849065777483
1.0472734452661878
0.5
1.2652080123926592
0.4974293156055597
0.5
-1.179574317368104
0.42518605319231295
0.5
0.36705463109405895
0.6521227421001237
0.5
-0.9317608315392208
-0.5057748317551488
0.5
0.7512917160400265
-1.3905586858307826
0.5
-0.5062447393001754
0.06426188992900503
0.5
-0.23178941124147273
-0.24397027323155984
0.5
0.4654746114290342
-0.6826466747435541
0.5
0.17818168028466747
1.019682452772444
0.5
1.2824173915377082
0.48939578743527307
0.5
-1.220256598561891
0.38109349911786944
0.5
0.36143962065779733
0.6329200353266856
0.5
-0.9657584753992344
-0.4563422452873265
0.5
0.6964363009898599
-1.3662505923012063
0.5
-0.5435158901784221
0.017305217072306228
0.5
-0.28702660169867955
-0.22068935739887013
0.5
0.405747324696705
-0.6883607993122066
0.5
0.12660583057828595
0.9890241467680215
0.5
1.2981965603656676
0.4788119398148234
0.5
-1.2634890360898112
0.33955354989915515
0.5
0.3576623291980489
0.6132918161556327
0.5
-1.002648471823975
-0.4090633323284543
0.5
0.6443480905230241
-1.3364710971737757
0.5
-0.5952293885407399
-0.013120319521717851
0.5
-0.34357933171065735
-0.2007483159912064
0.5
0.3457861481366286
-0.6905188784402542
0.5
0.0769104728270231
0.9554031500848209
0.5
1.312174085882709
0.46594225527766436
0.5
-1.3091652660789774
0.3006675263521019
0.5
0.3556877885575408
0.593379412797496
0.5
-1.0423293240252678
-0.36407325996488704
0.5
0.594989385521107
-1.3023577824640464
0.5
-0.654325933705629
-0.023493281951615656
0.5
-0.3988439697355125
-0.177532739043864
0.5
0.28580246825626204
-0.6891195400247412
0.5
0.029194898254901853
0.9190270048347934
0.5
1.3240243715959157
0.45109063151428036
0.5
-1.3513755847484599
0.2580261263069472
0.5
0.35547888079375567
0.5743901956346396
0.5
-1.0846244771510316
-0.3215698677882944
0.5
0.5487154778162978
-1.2641645178000187
0.5
-0.7135058738194933
-0.013607196370695646
0.5
-0.4526776781591683
-0.15110703563820835
0.5
0.2260066416449545
-0.6841739237980247
0.5
-0.016507904914333044
0.8802315485554276
0.5
1.3336625868005059
0.4358884998325554
0.5
-1.3890377249038985
0.2113189191662751
0.5
0.35688331672811047
0.5554324520661519
0.5
-1.1294144042817584
-0.28167277439610805
0.5
0.5002296391960543
-1.2288215771570783
0.5
-0.7665370291318506
0.014458736113975471
0.5
-0.5048531254241151
-0.12158667869925445
0.5
0.16660727361159353
-0.6757054483018579
0.5
-0.06027829617820392
0.8391793009861365
0.5
1.3415946080751777
0.4197304356385444
0.5
-1.418452741865093
0.15902401715126877
0.5
0.35982088763643766
0.5366714424843028
0.5
-1.1765005760639446
-0.24455733889351733
0.5
0.44970823285669315
-1.196455120732389
0.5
-0.817585827714541
0.045986821423047886
0.5
-0.5552361031604673
-0.08905091368755702
0.5
0.10781053826115855
-0.6637495329406953
0.5
-0.10204952031413869
0.7961681967305511
0.5
1.3477141050194361
0.4028204035253798
0.5
-1.4387362715391152
0.1025565183229299
0.5
0.3639764313088433
0.5191495183185327
0.5
-1.2257492680677284
-0.21032661515583823
0.5
0.3973350319873198
-1.167179741474491
0.5
-0.8686474298643335
0.0774941595463274
0.5
-0.6074574020576922
-0.05961189380668002
0.5
0.04981953707829622
-0.6483533067211851
0.5
-0.14635554845596838
0.755724730328538
0.5
1.3523653476067172
0.38542060025392855
0.5
-1.4491958368362297
0.043529016219684954
0.5
0.36936701992446713
0.5019872628683208
0.5
-1.2839390699712216
-0.1956996894901008
0.5
0.34330036891691407
-1.1410980393278818
0.5
-0.9191420737200463
0.10988998176190862
0.5
-0.6613702203824576
-0.03334824949791813
0.5
-0.007166301703462205
-0.6295752829078727
0.5
-0.19298272038541991
0.7180426376897042
0.5
1.3551940218195504
0.3676591627001289
0.5
-1.4797090253986531
-0.008132820017644073
0.5
0.375832858950092
0.48518082693322173
0.5
-1.3436562646762291
-0.20151833680355313
0.5
0.28780026371144574
-1.118300269213728
0.5
-0.9691776971431187
0.14300677582065
0.5
-0.7167346816909903
-0.010372179902616872
0.5
