0.5
0.0
0.52
0.0
0.54
0.0
0.56
0.0
0.58
0.0
0.6
0.0
0.62
0.0
0.64
0.0
0.66
0.0
0.68
0.0
0.7
0.0
0.72
0.0
0.74
0.0
0.76
0.0
0.78
0.0
0.8
0.0
0.8
0.02
0.8
0.04
0.8
0.06
0.8
0.08
0.8
0.1
0.8
0.12
0.8
0.14
0.8
0.16
0.8
0.18
0.8
0.2
0.8
0.22
0.8
0.24
0.8
0.26
0.8
0.28
0.8
0.3
0.79
0.31
0.78
0.32
0.77
0.33
0.76
0.34
0.75
0.35
0.74
0.36
0.73
0.37
0.72
0.38
0.71
0.39
0.7
0.4
0.69
0.41
0.68
0.42
0.67
0.43
0.66
0.44
0.65
0.45
0.64
0.46
0.63
0.47
0.62
0.48
0.61
0.49
0.6
0.5
0.61
0.51
0.62
0.52
0.63
0.53
0.64
0.54
0.65
0.55
0.66
0.56
0.67
0.57
0.68
0.58
0.69
0.59
0.7
0.6
0.71
0.61
0.72
0.62
0.73
0.63
0.74
0.64
0.75
0.65
0.76
0.66
0.77
0.67
0.78
0.68
0.79
0.69
0.8
0.7
0.81
0.71
0.82
0.72
0.83
0.73
0.84
0.74
0.85
0.75
0.86
0.76
0.87
0.77
0.88
0.78
0.89
0.79
0.9
0.8
0.91
0.81
0.92
0.82
0.93
0.83
0.94
0.84
0.95
0.85
0.96
0.86
0.97
0.87
0.98
0.88
0.99
0.89
1.0
0.9
1.01
0.91
1.02
0.92
1.03
0.93
1.04
0.94
1.05
0.95
1.06
0.96
1.07
0.97
1.08
0.98
1.09
0.99